TT PID AT CT IO_D WT RT TRT
-842150451 8 8 3 -842150454 -842150451 8 -842150459
-842150451 2 6 20 -842150463 -842150451 3 -842150456
-842150451 6 4 15 -842150454 -842150451 4 -842150454
-842150451 1 3 20 -842150463 -842150451 6 -842150458
-842150451 4 8 12 -842150454 -842150451 8 -842150455
-842150451 7 6 10 -842150463 -842150451 3 -842150452
-842150451 3 4 8 -842150454 -842150451 4 -842150457
-842150451 5 3 6 -842150463 -842150451 6 -842150453
8
Average WT= 2.31591e+08
Average RT= 2.31591e+08
Average TRT= 2.31591e+08
Processor#0Load0Processor#1Load0Processor#2Load0
